0    0  19   15  39
1    0  21   15  81
2    1  20   16   6
3    1  23   16  77
4    1  31   17  40
5    1  22   17  76
6    1  35   18   6
7    1  23   18  94
8    0  64   19   3
9    1  30   19  72
10   0  67   19  14
11   1  35   19  99
12   1  58   20  15
13   1  24   20  77
14   0  37   20  13
15   0  22   20  79
16   1  35   21  35
17   0  20   21  66
18   0  52   23  29
19   1  35   23  98
20   0  35   24  35
21   0  25   24  73
22   1  46   25   5
23   0  31   25  73
24   1  54   28  14
25   0  29   28  82
26   1  45   28  32
27   0  35   28  61
28   1  40   29  31
29   1  23   29  87
30   0  60   30   4
31   1  21   30  73
32   0  53   33   4
33   0  18   33  92
34   1  49   33  14
35   1  21   33  81
36   1  42   34  17
37   1  30   34  73
38   1  36   37  26
39   1  20   37  75
40   1  65   38  35
41   0  24   38  92
42   0  48   39  36
43   1  31   39  61
44   1  49   39  28
45   1  24   39  65
46   1  50   40  55
47   1  27   40  47
48   1  29   40  42
49   1  31   40  42
50   1  49   42  52
51   0  33   42  60
52   1  31   43  54
53   0  59   43  60
54   1  50   43  45
55   0  47   43  41
56   1  51   44  50
57   0  69   44  46
58   1  27   46  51
59   0  53   46  46
60   0  70   46  56
61   0  19   46  55
62   1  67   47  52
63   1  54   47  59
64   0  63   48  51
65   0  18   48  59
66   1  43   48  50
67   1  68   48  48
68   0  19   48  59
69   1  32   48  47
70   0  70   49  55
71   1  47   49  42
72   1  60   50  49
73   1  60   50  56
74   0  59   54  47
75   0  26   54  54
76   1  45   54  53
77   0  40   54  48
78   1  23   54  52
79   1  49   54  42
80   0  57   54  51
81   0  38   54  55
82   0  67   54  41
83   1  46   54  44
84   1  21   54  57
85   0  48   54  46
86   1  55   57  58
87   1  22   57  55
88   1  34   58  60
89   1  50   58  46
90   1  68   59  55
91   0  18   59  41
92   0  48   60  49
93   1  40   60  40
94   1  32   60  42
95   0  24   60  52
96   1  47   60  47
97   1  27   60  50
98   0  48   61  42
99   0  20   61  49
100  1  23   62  41
101  1  49   62  48
102  0  67   62  59
103  0  26   62  55
104  0  49   62  56
105  1  21   62  42
106  1  66   63  50
107  0  54   63  46
108  0  68   63  43
109  0  66   63  48
110  0  65   63  52
111  1  19   63  54
112  1  38   64  42
113  0  19   64  46
114  1  18   65  48
115  1  19   65  50
116  1  63   65  43
117  1  49   65  59
118  1  51   67  43
119  1  50   67  57
120  0  27   67  56
121  1  38   67  40
122  1  40   69  58
123  0  39   69  91
124  1  23   70  29
125  1  31   70  77
126  0  43   71  35
127  0  40   71  95
128  0  59   71  11
129  0  38   71  75
130  0  47   71   9
131  0  39   71  75
132  1  25   72  34
133  1  31   72  71
134  0  20   73   5
135  1  29   73  88
136  1  44   73   7
137  0  32   73  73
138  0  19   74  10
139  1  35   74  72
140  1  57   75   5
141  0  32   75  93
142  1  28   76  40
143  1  32   76  87
144  0  25   77  12
145  0  28   77  97
146  0  48   77  36
147  1  32   77  74
148  1  34   78  22
149  0  34   78  90
150  0  43   78  17
151  0  39   78  88
152  1  44   78  20
153  1  38   78  76
154  1  47   78  16
155  1  27   78  89
156  0  37   78   1
157  1  30   78  78
158  0  34   78   1
159  1  30   78  73
160  1  56   79  35
161  1  29   79  83
162  0  19   81   5
163  1  31   81  93
164  0  50   85  26
165  1  36   85  75
166  0  42   86  20
167  1  33   86  95
168  1  36   87  27
169  0  32   87  63
170  0  40   87  13
171  0  28   87  75
172  0  36   87  10
173  0  36   87  92
174  1  52   88  13
175  1  30   88  86
176  0  58   88  15
177  0  27   88  69
178  0  59   93  14
179  0  35   93  90
180  1  37   97  32
181  1  32   97  86
182  0  46   98  15
183  1  29   98  88
184  1  41   99  39
185  0  30   99  97
186  1  54  101  24
187  0  28  101  68
188  1  41  103  17
189  1  36  103  85
190  1  34  103  23
191  1  32  103  69
192  0  33  113   8
193  1  38  113  91
194  1  47  120  16
195  1  35  120  79
196  1  45  126  28
197  0  32  126  74
198  0  32  137  18
199  0  30  137  83